156 47
FACTORS
47 3
48 21
49 12
50 11
51 9
52 12
53 2
54 10
55 15
57 8
58 5
59 2
61 2
62 5
67 2
69 6
71 2
73 2
74 4
79 1
82 3
83 1
86 3
89 1
97 1
101 1
103 1
107 1
109 1
113 1
127 1
131 1
137 1
139 1
149 1
151 1
56 1
15 1
CERTIFICATE
2 0.181818181819
3 0.272727272728
5 0.409090909091
7 0.500000000000
11 0.590909090910
13 0.636363636364
17 0.727272727273
19 0.727272727273
23 0.727272727273
29 0.818181818182
31 0.818181818182
37 0.818181818182
41 0.818181818182
43 0.818181818182
47 1
53 1
59 1
61 1
67 1
71 1
73 1
79 1
83 1
89 1
97 1
101 1
103 1
107 1
109 1
113 1
127 1
131 1
137 1
139 1
149 1
151 1
