187 56
FACTORS
56 16
57 9
58 6
59 3
60 30
61 3
62 6
63 12
65 15
66 18
67 2
68 11
69 8
71 2
73 2
74 5
79 2
82 4
83 2
86 4
89 2
94 3
97 1
101 1
103 1
106 3
107 1
109 1
113 1
127 1
131 1
137 1
139 1
149 1
151 1
157 1
163 1
167 1
173 1
179 1
181 1
84 1
CERTIFICATE
2 0.166666666667
3 0.250000000000
5 0.416666666667
7 0.500000000000
11 0.583333333334
13 0.583333333334
17 0.666666666667
19 0.750000000000
23 0.750000000000
29 0.833333333334
31 0.833333333334
37 0.833333333334
41 0.833333333334
43 0.833333333334
47 0.833333333334
53 0.833333333334
59 1
61 1
67 1
71 1
73 1
79 1
83 1
89 1
97 1
101 1
103 1
107 1
109 1
113 1
127 1
131 1
137 1
139 1
149 1
151 1
157 1
163 1
167 1
173 1
179 1
181 1
