118 35
FACTORS
35 18
36 22
37 3
38 6
39 7
40 9
41 2
43 2
44 10
46 5
47 2
51 6
52 2
53 2
58 4
59 2
61 1
62 3
67 1
71 1
73 1
79 1
83 1
89 1
97 1
101 1
103 1
107 1
109 1
113 1
CERTIFICATE
2 0.16666666666666666
3 0.3333333333333333
5 0.5
7 0.5
11 0.6666666666666667
13 0.6666666666666667
17 0.6666666666666667
19 0.8333333333333334
23 0.8333333333333334
29 0.8333333333333334
31 0.8333333333333334
37 1.0
41 1.0
43 1.0
47 1.0
53 1.0
59 1.0
61 1.0
67 1.0
71 1.0
73 1.0
79 1.0
83 1.0
89 1.0
97 1.0
101 1.0
103 1.0
107 1.0
109 1.0
113 1.0
