128 39
FACTORS
39 9
40 22
41 3
42 20
43 2
44 12
45 9
46 5
47 2
51 7
53 2
57 6
58 4
59 2
61 2
62 4
67 1
71 1
73 1
74 3
79 1
83 1
89 1
97 1
101 1
103 1
107 1
109 1
113 1
127 1
6 1
CERTIFICATE
2 0.181818181819
3 0.272727272728
5 0.454545454546
7 0.545454545455
11 0.636363636364
13 0.727272727273
17 0.727272727273
19 0.727272727273
23 0.818181818182
29 0.818181818182
31 0.818181818182
37 0.818181818182
41 1
43 1
47 1
53 1
59 1
61 1
67 1
71 1
73 1
79 1
83 1
89 1
97 1
101 1
103 1
107 1
109 1
113 1
127 1
