191 56
FACTORS
56 16
57 10
58 6
59 3
60 31
61 3
62 6
63 13
65 15
66 18
67 2
68 11
69 8
71 2
73 2
74 5
79 2
82 4
83 2
86 4
89 2
94 4
97 1
101 1
103 1
106 3
107 1
109 1
113 1
127 1
131 1
137 1
139 1
149 1
151 1
157 1
163 1
167 1
173 1
179 1
181 1
191 1
28 1
CERTIFICATE
2 0.181818181819
3 0.272727272728
5 0.363636363637
7 0.454545454546
11 0.545454545455
13 0.636363636364
17 0.636363636364
19 0.727272727273
23 0.727272727273
29 0.818181818182
31 0.818181818182
37 0.818181818182
41 0.818181818182
43 0.818181818182
47 0.818181818182
53 0.818181818182
59 1
61 1
67 1
71 1
73 1
79 1
83 1
89 1
97 1
101 1
103 1
107 1
109 1
113 1
127 1
131 1
137 1
139 1
149 1
151 1
157 1
163 1
167 1
173 1
179 1
181 1
191 1
