140 41
FACTORS
41 3
42 22
43 3
44 13
45 10
46 6
47 2
48 10
50 12
51 8
52 10
53 2
57 7
58 4
59 2
61 2
62 4
67 2
71 1
73 1
74 3
79 1
83 1
89 1
97 1
101 1
103 1
107 1
109 1
113 1
127 1
131 1
137 1
139 1
CERTIFICATE
2 0.17647058823529413
3 0.29411764705882354
5 0.4117647058823529
7 0.5294117647058822
11 0.6470588235294117
13 0.6470588235294117
17 0.7058823529411764
19 0.7058823529411764
23 0.8235294117647058
29 0.8235294117647058
31 0.8235294117647058
37 0.8235294117647058
41 1.0
43 1.0
47 1.0
53 1.0
59 1.0
61 1.0
67 1.0
71 1.0
73 1.0
79 1.0
83 1.0
89 1.0
97 1.0
101 1.0
103 1.0
107 1.0
109 1.0
113 1.0
127 1.0
131 1.0
137 1.0
139 1.0
