165
FACTORS
49 13
50 12
51 9
52 12
53 3
54 19
55 16
57 8
58 5
59 2
61 2
62 5
64 13
67 2
69 7
71 2
73 2
74 4
79 2
82 4
83 1
86 3
89 1
94 3
97 1
101 1
103 1
107 1
109 1
113 1
127 1
131 1
137 1
139 1
149 1
151 1
157 1
163 1
16 1
CERTIFICATE
2 0.166666666667
3 0.277777777778
5 0.416666666667
7 0.500000000000
11 0.583333333334
13 0.666666666667
17 0.722222222223
19 0.722222222223
23 0.722222222223
29 0.833333333334
31 0.833333333334
37 0.833333333334
41 0.833333333334
43 0.833333333334
47 0.833333333334
53 1
59 1
61 1
67 1
71 1
73 1
79 1
83 1
89 1
97 1
101 1
103 1
107 1
109 1
113 1
127 1
131 1
137 1
139 1
149 1
151 1
157 1
163 1
