142 42
FACTORS
42 22
43 3
44 13
45 11
46 6
47 3
48 9
50 11
51 8
52 10
53 2
57 7
58 4
59 2
61 2
62 4
67 2
71 2
73 1
74 3
79 1
82 3
83 1
89 1
97 1
101 1
103 1
107 1
109 1
113 1
127 1
131 1
137 1
139 1
40 1
CERTIFICATE
2 0.176470588236
3 0.294117647059
5 0.411764705883
7 0.529411764706
11 0.647058823530
13 0.647058823530
17 0.705882352942
19 0.705882352942
23 0.823529411765
29 0.823529411765
31 0.823529411765
37 0.823529411765
41 0.823529411765
43 1
47 1
53 1
59 1
61 1
67 1
71 1
73 1
79 1
83 1
89 1
97 1
101 1
103 1
107 1
109 1
113 1
127 1
131 1
137 1
139 1
