149 44
FACTORS
44 14
45 20
46 6
47 3
48 15
49 12
50 7
51 8
52 11
53 2
57 7
58 5
59 2
61 2
62 4
67 2
71 2
73 2
74 4
79 1
82 3
83 1
86 3
89 1
97 1
101 1
103 1
107 1
109 1
113 1
127 1
131 1
137 1
139 1
149 1
60 1
2 1
CERTIFICATE
2 0.176470588236
3 0.294117647059
5 0.411764705883
7 0.500000000000
11 0.647058823530
13 0.647058823530
17 0.705882352942
19 0.705882352942
23 0.823529411765
29 0.823529411765
31 0.823529411765
37 0.823529411765
41 0.823529411765
43 0.823529411765
47 1
53 1
59 1
61 1
67 1
71 1
73 1
79 1
83 1
89 1
97 1
101 1
103 1
107 1
109 1
113 1
127 1
131 1
137 1
139 1
149 1
