128
FACTORS
38 6
39 9
40 19
41 3
42 20
43 2
44 12
45 12
46 5
47 2
48 1
51 7
53 2
58 4
59 2
61 2
62 4
67 1
71 1
73 1
74 3
79 1
83 1
89 1
97 1
101 1
103 1
107 1
109 1
113 1
127 1
CERTIFICATE
2 0.18181818181818182
3 0.2727272727272727
5 0.45454545454545453
7 0.5454545454545454
11 0.6363636363636364
13 0.7272727272727273
17 0.7272727272727273
19 0.8181818181818181
23 0.8181818181818181
29 0.8181818181818181
31 0.8181818181818181
37 0.8181818181818181
41 1.0
43 1.0
47 1.0
53 1.0
59 1.0
61 1.0
67 1.0
71 1.0
73 1.0
79 1.0
83 1.0
89 1.0
97 1.0
101 1.0
103 1.0
107 1.0
109 1.0
113 1.0
127 1.0
