176 53
FACTORS
53 3
54 19
55 17
56 28
57 9
58 6
59 2
60 12
61 2
62 5
65 14
67 2
68 10
69 7
71 2
73 2
74 4
79 2
82 4
83 2
86 4
89 1
94 3
97 1
101 1
103 1
107 1
109 1
113 1
127 1
131 1
137 1
139 1
149 1
151 1
157 1
163 1
167 1
173 1
CERTIFICATE
2 0.18181818181818182
3 0.2727272727272727
5 0.36363636363636365
7 0.4545454545454546
11 0.6363636363636364
13 0.6363636363636364
17 0.6363636363636364
19 0.7272727272727273
23 0.7272727272727273
29 0.8181818181818181
31 0.8181818181818181
37 0.8181818181818181
41 0.8181818181818181
43 0.8181818181818181
47 0.8181818181818181
53 1.0
59 1.0
61 1.0
67 1.0
71 1.0
73 1.0
79 1.0
83 1.0
89 1.0
97 1.0
101 1.0
103 1.0
107 1.0
109 1.0
113 1.0
127 1.0
131 1.0
137 1.0
139 1.0
149 1.0
151 1.0
157 1.0
163 1.0
167 1.0
173 1.0
