173
FACTORS
51 10
52 14
53 3
54 6
55 16
56 19
57 9
58 5
59 2
60 25
61 2
62 5
63 7
67 2
69 7
71 2
73 2
74 4
79 2
82 4
83 2
86 4
89 1
94 3
97 1
101 1
103 1
107 1
109 1
113 1
127 1
131 1
137 1
139 1
149 1
151 1
157 1
163 1
167 1
173 1
84 1
CERTIFICATE
2 0.181818181819
3 0.272727272728
5 0.363636363637
7 0.454545454546
11 0.636363636364
13 0.636363636364
17 0.727272727273
19 0.727272727273
23 0.727272727273
29 0.818181818182
31 0.818181818182
37 0.818181818182
41 0.818181818182
43 0.818181818182
47 0.818181818182
53 1
59 1
61 1
67 1
71 1
73 1
79 1
83 1
89 1
97 1
101 1
103 1
107 1
109 1
113 1
127 1
131 1
137 1
139 1
149 1
151 1
157 1
163 1
167 1
173 1
