132
FACTORS
40 16
41 3
42 20
43 3
44 13
45 15
46 5
47 2
51 7
52 10
53 2
57 6
58 4
59 2
61 2
62 4
67 1
71 1
73 1
74 3
79 1
83 1
89 1
97 1
101 1
103 1
107 1
109 1
113 1
127 1
131 1
5 1
CERTIFICATE
2 0.200000000001
3 0.300000000000
5 0.400000000001
7 0.500000000000
11 0.600000000000
13 0.600000000000
17 0.700000000000
19 0.700000000000
23 0.800000000001
29 0.800000000001
31 0.800000000001
37 0.800000000001
41 1
43 1
47 1
53 1
59 1
61 1
67 1
71 1
73 1
79 1
83 1
89 1
97 1
101 1
103 1
107 1
109 1
113 1
127 1
131 1
