204 60
FACTORS
60 33
61 3
62 6
63 21
64 8
65 16
66 8
67 3
68 12
69 8
71 2
73 2
74 5
76 10
77 11
79 2
82 4
83 2
86 4
87 7
89 2
94 4
97 2
101 2
103 1
106 3
107 1
109 1
113 1
118 3
127 1
131 1
137 1
139 1
149 1
151 1
157 1
163 1
167 1
173 1
179 1
181 1
191 1
193 1
197 1
199 1
84 1
8 1
CERTIFICATE
2 0.166666666667
3 0.277777777778
5 0.388888888889
7 0.444444444445
11 0.555555555556
13 0.611111111112
17 0.666666666667
19 0.666666666667
23 0.722222222223
29 0.722222222223
31 0.833333333334
37 0.833333333334
41 0.833333333334
43 0.833333333334
47 0.833333333334
53 0.833333333334
59 0.833333333334
61 1
67 1
71 1
73 1
79 1
83 1
89 1
97 1
101 1
103 1
107 1
109 1
113 1
127 1
131 1
137 1
139 1
149 1
151 1
157 1
163 1
167 1
173 1
179 1
181 1
191 1
193 1
197 1
199 1
