274 83
FACTORS
83 3
84 32
85 16
86 6
87 9
88 26
89 3
90 36
91 12
92 11
93 8
94 5
95 14
97 2
101 2
103 2
104 10
106 5
107 2
109 2
111 7
113 2
118 4
122 4
123 6
127 2
131 2
134 4
137 2
139 1
142 3
146 3
149 1
151 1
157 1
158 3
163 1
167 1
173 1
179 1
181 1
191 1
193 1
197 1
199 1
211 1
223 1
227 1
229 1
233 1
239 1
241 1
251 1
257 1
263 1
269 1
271 1
48 1
CERTIFICATE
2 0.153846153847
3 0.230769230770
5 0.384615384616
7 0.461538461539
11 0.538461538462
13 0.538461538462
17 0.615384615385
19 0.615384615385
23 0.692307692308
29 0.769230769231
31 0.769230769231
37 0.769230769231
41 0.769230769231
43 0.846153846154
47 0.846153846154
53 0.846153846154
59 0.846153846154
61 0.846153846154
67 0.846153846154
71 0.846153846154
73 0.846153846154
79 0.846153846154
83 1
89 1
97 1
101 1
103 1
107 1
109 1
113 1
127 1
131 1
137 1
139 1
149 1
151 1
157 1
163 1
167 1
173 1
179 1
181 1
191 1
193 1
197 1
199 1
211 1
223 1
227 1
229 1
233 1
239 1
241 1
251 1
257 1
263 1
269 1
271 1
