222 67
FACTORS
67 3
68 13
69 9
70 14
71 3
72 25
73 3
74 6
75 16
76 11
77 21
78 18
79 2
80 7
82 5
83 2
86 5
87 7
89 2
93 7
94 4
97 2
101 2
103 2
106 4
107 2
109 2
113 1
118 3
122 3
127 1
131 1
137 1
139 1
149 1
151 1
157 1
163 1
167 1
173 1
179 1
181 1
191 1
193 1
197 1
199 1
211 1
24 1
CERTIFICATE
2 0.157894736843
3 0.263157894737
5 0.368421052632
7 0.473684210527
11 0.526315789474
13 0.578947368422
17 0.684210526316
19 0.684210526316
23 0.736842105264
29 0.736842105264
31 0.736842105264
37 0.842105263158
41 0.842105263158
43 0.842105263158
47 0.842105263158
53 0.842105263158
59 0.842105263158
61 0.842105263158
67 1
71 1
73 1
79 1
83 1
89 1
97 1
101 1
103 1
107 1
109 1
113 1
127 1
131 1
137 1
139 1
149 1
151 1
157 1
163 1
167 1
173 1
179 1
181 1
191 1
193 1
197 1
199 1
211 1
