241
FACTORS
72 31
73 3
74 6
75 18
76 12
77 22
78 19
79 3
80 8
82 5
83 2
85 14
86 5
87 8
89 2
92 10
93 7
94 5
97 2
98 8
101 2
103 2
106 4
107 2
109 2
113 2
118 4
122 3
127 1
131 1
134 3
137 1
139 1
142 3
149 1
151 1
157 1
163 1
167 1
173 1
179 1
181 1
191 1
193 1
197 1
199 1
211 1
223 1
227 1
229 1
233 1
239 1
241 1
36 1
CERTIFICATE
2 0.157894736843
3 0.263157894737
5 0.368421052632
7 0.421052631579
11 0.578947368422
13 0.578947368422
17 0.631578947369
19 0.684210526316
23 0.684210526316
29 0.736842105264
31 0.736842105264
37 0.842105263158
41 0.842105263158
43 0.842105263158
47 0.842105263158
53 0.842105263158
59 0.842105263158
61 0.842105263158
67 0.842105263158
71 0.842105263158
73 1
79 1
83 1
89 1
97 1
101 1
103 1
107 1
109 1
113 1
127 1
131 1
137 1
139 1
149 1
151 1
157 1
163 1
167 1
173 1
179 1
181 1
191 1
193 1
197 1
199 1
211 1
223 1
227 1
229 1
233 1
239 1
241 1
