219
FACTORS
67 3
68 12
69 9
70 15
71 3
72 26
73 3
74 5
75 15
76 11
77 20
78 17
79 2
80 7
82 5
83 2
86 5
87 7
89 2
93 7
94 4
97 2
101 2
103 2
106 4
107 2
109 2
113 1
118 3
122 3
127 1
131 1
137 1
139 1
149 1
151 1
157 1
163 1
167 1
173 1
179 1
181 1
191 1
193 1
197 1
199 1
211 1
CERTIFICATE
2 0.15789473684210525
3 0.2631578947368421
5 0.3684210526315789
7 0.47368421052631576
11 0.5263157894736843
13 0.5789473684210527
17 0.6842105263157895
19 0.6842105263157895
23 0.736842105263158
29 0.736842105263158
31 0.736842105263158
37 0.8421052631578947
41 0.8421052631578947
43 0.8421052631578947
47 0.8421052631578947
53 0.8421052631578947
59 0.8421052631578947
61 0.8421052631578947
67 1.0
71 1.0
73 1.0
79 1.0
83 1.0
89 1.0
97 1.0
101 1.0
103 1.0
107 1.0
109 1.0
113 1.0
127 1.0
131 1.0
137 1.0
139 1.0
149 1.0
151 1.0
157 1.0
163 1.0
167 1.0
173 1.0
179 1.0
181 1.0
191 1.0
193 1.0
197 1.0
199 1.0
211 1.0
