251 76
FACTORS
76 13
77 24
78 4
79 3
80 39
81 24
82 6
83 3
85 14
86 5
87 8
89 2
91 16
92 10
93 8
94 5
97 2
101 2
103 2
106 4
107 2
109 2
111 6
113 2
118 4
122 4
125 3
127 1
131 1
134 3
137 1
139 1
142 3
146 3
149 1
151 1
157 1
163 1
167 1
173 1
179 1
181 1
191 1
193 1
197 1
199 1
211 1
223 1
227 1
229 1
233 1
239 1
241 1
251 1
6 1
CERTIFICATE
2 0.166666666667
3 0.250000000000
5 0.333333333334
7 0.416666666667
11 0.583333333334
13 0.583333333334
17 0.666666666667
19 0.666666666667
23 0.666666666667
29 0.750000000000
31 0.750000000000
37 0.750000000000
41 0.833333333334
43 0.833333333334
47 0.833333333334
53 0.833333333334
59 0.833333333334
61 0.833333333334
67 0.833333333334
71 0.833333333334
73 0.833333333334
79 1
83 1
89 1
97 1
101 1
103 1
107 1
109 1
113 1
127 1
131 1
137 1
139 1
149 1
151 1
157 1
163 1
167 1
173 1
179 1
181 1
191 1
193 1
197 1
199 1
211 1
223 1
227 1
229 1
233 1
239 1
241 1
251 1
