264 77
FACTORS
77 25
78 21
79 3
80 36
81 17
82 6
83 3
84 17
85 15
86 6
87 9
88 1
89 2
92 11
93 8
94 5
95 13
97 2
101 2
103 2
106 4
107 2
109 2
111 7
113 2
118 4
122 4
127 2
131 2
134 3
137 1
139 1
142 3
146 3
149 1
151 1
157 1
163 1
167 1
173 1
179 1
181 1
191 1
193 1
197 1
199 1
211 1
223 1
227 1
229 1
233 1
239 1
241 1
251 1
257 1
263 1
CERTIFICATE
2 0.15
3 0.25
5 0.4
7 0.44999999999999996
11 0.55
13 0.6
17 0.6
19 0.6
23 0.7
29 0.75
31 0.75
37 0.75
41 0.85
43 0.85
47 0.85
53 0.85
59 0.85
61 0.85
67 0.85
71 0.85
73 0.85
79 1.0
83 1.0
89 1.0
97 1.0
101 1.0
103 1.0
107 1.0
109 1.0
113 1.0
127 1.0
131 1.0
137 1.0
139 1.0
149 1.0
151 1.0
157 1.0
163 1.0
167 1.0
173 1.0
179 1.0
181 1.0
191 1.0
193 1.0
197 1.0
199 1.0
211 1.0
223 1.0
227 1.0
229 1.0
233 1.0
239 1.0
241 1.0
251 1.0
257 1.0
263 1.0
