210
FACTORS
64 13
65 17
66 20
67 3
68 12
69 9
70 34
71 2
73 2
74 5
76 11
79 2
81 15
82 5
83 2
86 4
87 7
89 2
93 6
94 4
97 2
101 2
103 2
106 3
107 1
109 1
113 1
118 3
122 3
127 1
131 1
137 1
139 1
149 1
151 1
157 1
163 1
167 1
173 1
179 1
181 1
191 1
193 1
197 1
199 1
2 1
CERTIFICATE
2 0.166666666667
3 0.250000000000
5 0.375000000000
7 0.458333333334
11 0.583333333334
13 0.625000000000
17 0.666666666667
19 0.666666666667
23 0.750000000000
29 0.750000000000
31 0.750000000000
37 0.833333333334
41 0.833333333334
43 0.833333333334
47 0.833333333334
53 0.833333333334
59 0.833333333334
61 0.833333333334
67 1
71 1
73 1
79 1
83 1
89 1
97 1
101 1
103 1
107 1
109 1
113 1
127 1
131 1
137 1
139 1
149 1
151 1
157 1
163 1
167 1
173 1
179 1
181 1
191 1
193 1
197 1
199 1
