286 87
FACTORS
87 9
88 28
89 3
90 38
91 23
92 12
93 9
94 6
95 15
96 11
97 2
98 11
100 8
101 2
102 16
103 2
106 5
107 2
109 2
111 7
113 2
118 4
122 4
123 6
127 2
129 6
131 2
134 4
137 2
139 2
142 4
146 3
149 1
151 1
157 1
158 3
163 1
166 3
167 1
173 1
179 1
181 1
191 1
193 1
197 1
199 1
211 1
223 1
227 1
229 1
233 1
239 1
241 1
251 1
257 1
263 1
269 1
271 1
277 1
281 1
283 1
10 1
CERTIFICATE
2 0.150000000000
3 0.250000000000
5 0.350000000000
7 0.425000000000
11 0.550000000001
13 0.575000000000
17 0.600000000000
19 0.650000000001
23 0.700000000000
29 0.750000000000
31 0.750000000000
37 0.750000000000
41 0.750000000000
43 0.750000000000
47 0.850000000000
53 0.850000000000
59 0.850000000000
61 0.850000000000
67 0.850000000000
71 0.850000000000
73 0.850000000000
79 0.850000000000
83 0.850000000000
89 1
97 1
101 1
103 1
107 1
109 1
113 1
127 1
131 1
137 1
139 1
149 1
151 1
157 1
163 1
167 1
173 1
179 1
181 1
191 1
193 1
197 1
199 1
211 1
223 1
227 1
229 1
233 1
239 1
241 1
251 1
257 1
263 1
269 1
271 1
277 1
281 1
283 1
