211
FACTORS
63 24
64 17
65 17
66 20
67 3
68 12
69 9
70 10
71 2
73 2
74 5
75 12
76 11
79 2
82 5
83 2
86 4
87 7
89 2
93 6
94 4
97 2
101 2
103 2
106 3
107 1
109 1
113 1
118 3
122 3
127 1
131 1
137 1
139 1
149 1
151 1
157 1
163 1
167 1
173 1
179 1
181 1
191 1
193 1
197 1
199 1
211 1
2 1
CERTIFICATE
2 0.166666666667
3 0.266666666667
5 0.366666666667
7 0.466666666667
11 0.566666666667
13 0.633333333334
17 0.666666666667
19 0.666666666667
23 0.733333333334
29 0.733333333334
31 0.733333333334
37 0.833333333334
41 0.833333333334
43 0.833333333334
47 0.833333333334
53 0.833333333334
59 0.833333333334
61 0.833333333334
67 1
71 1
73 1
79 1
83 1
89 1
97 1
101 1
103 1
107 1
109 1
113 1
127 1
131 1
137 1
139 1
149 1
151 1
157 1
163 1
167 1
173 1
179 1
181 1
191 1
193 1
197 1
199 1
211 1
