246 73
FACTORS
73 3
74 6
75 9
76 12
77 24
78 19
79 3
80 26
81 15
82 6
83 2
84 16
85 14
86 5
87 8
89 2
92 10
93 7
94 5
97 2
101 2
103 2
106 4
107 2
109 2
113 2
118 4
122 4
127 1
131 1
134 3
137 1
139 1
142 3
149 1
151 1
157 1
163 1
167 1
173 1
179 1
181 1
191 1
193 1
197 1
199 1
211 1
223 1
227 1
229 1
233 1
239 1
241 1
90 1
3 1
CERTIFICATE
2 0.156250000000
3 0.250000000000
5 0.375000000000
7 0.437500000000
11 0.562500000000
13 0.593750000000
17 0.625000000000
19 0.687500000000
23 0.687500000000
29 0.750000000000
31 0.750000000000
37 0.843750000000
41 0.843750000000
43 0.843750000000
47 0.843750000000
53 0.843750000000
59 0.843750000000
61 0.843750000000
67 0.843750000000
71 0.843750000000
73 1
79 1
83 1
89 1
97 1
101 1
103 1
107 1
109 1
113 1
127 1
131 1
137 1
139 1
149 1
151 1
157 1
163 1
167 1
173 1
179 1
181 1
191 1
193 1
197 1
199 1
211 1
223 1
227 1
229 1
233 1
239 1
241 1
