271 80
FACTORS
80 29
81 25
82 6
83 3
85 15
86 6
87 9
88 26
89 3
91 21
92 11
93 8
94 5
95 14
97 2
98 7
101 2
103 2
105 8
106 5
107 2
109 2
111 7
113 2
118 4
122 4
127 2
131 2
134 4
137 1
139 1
142 3
146 3
149 1
151 1
157 1
158 3
163 1
167 1
173 1
179 1
181 1
191 1
193 1
197 1
199 1
211 1
223 1
227 1
229 1
233 1
239 1
241 1
251 1
257 1
263 1
269 1
271 1
9 1
CERTIFICATE
2 0.166666666667
3 0.250000000000
5 0.333333333334
7 0.416666666667
11 0.500000000000
13 0.583333333334
17 0.666666666667
19 0.666666666667
23 0.666666666667
29 0.750000000000
31 0.750000000000
37 0.750000000000
41 0.833333333334
43 0.833333333334
47 0.833333333334
53 0.833333333334
59 0.833333333334
61 0.833333333334
67 0.833333333334
71 0.833333333334
73 0.833333333334
79 0.833333333334
83 1
89 1
97 1
101 1
103 1
107 1
109 1
113 1
127 1
131 1
137 1
139 1
149 1
151 1
157 1
163 1
167 1
173 1
179 1
181 1
191 1
193 1
197 1
199 1
211 1
223 1
227 1
229 1
233 1
239 1
241 1
251 1
257 1
263 1
269 1
271 1
