365 111
FACTORS
111 9
112 38
113 3
114 20
115 15
116 12
117 30
118 6
119 22
120 29
121 18
122 5
123 8
124 11
125 11
127 2
129 8
131 2
134 5
135 10
137 2
139 2
141 7
142 5
146 5
149 2
151 2
157 2
158 4
159 6
163 2
166 4
167 2
173 2
178 4
179 2
181 2
191 1
193 1
194 3
197 1
199 1
202 3
206 3
211 1
214 3
218 3
223 1
227 1
229 1
233 1
239 1
241 1
251 1
257 1
263 1
269 1
271 1
277 1
281 1
283 1
293 1
307 1
311 1
313 1
317 1
331 1
337 1
347 1
349 1
353 1
359 1
150 1
3 1
CERTIFICATE
2 0.148148148149
3 0.222222222223
5 0.333333333334
7 0.407407407408
11 0.500000000000
13 0.555555555556
17 0.592592592593
19 0.629629629630
23 0.666666666667
29 0.703703703704
31 0.703703703704
37 0.777777777778
41 0.777777777778
43 0.777777777778
47 0.777777777778
53 0.777777777778
59 0.851851851852
61 0.851851851852
67 0.851851851852
71 0.851851851852
73 0.851851851852
79 0.851851851852
83 0.851851851852
89 0.851851851852
97 0.851851851852
101 0.851851851852
103 0.851851851852
107 0.851851851852
109 0.851851851852
113 1
127 1
131 1
137 1
139 1
149 1
151 1
157 1
163 1
167 1
173 1
179 1
181 1
191 1
193 1
197 1
199 1
211 1
223 1
227 1
229 1
233 1
239 1
241 1
251 1
257 1
263 1
269 1
271 1
277 1
281 1
283 1
293 1
307 1
311 1
313 1
317 1
331 1
337 1
347 1
349 1
353 1
359 1
