306 92
FACTORS
92 13
93 9
94 6
95 16
96 16
97 3
98 24
99 29
100 29
101 3
102 19
103 2
104 11
106 5
107 2
109 2
111 8
113 2
116 10
117 13
118 5
122 5
123 7
127 2
129 7
131 2
134 4
137 2
139 2
142 4
146 4
149 2
151 2
157 1
158 3
163 1
166 3
167 1
173 1
178 3
179 1
181 1
191 1
193 1
197 1
199 1
211 1
223 1
227 1
229 1
233 1
239 1
241 1
251 1
257 1
263 1
269 1
271 1
277 1
281 1
283 1
293 1
105 1
CERTIFICATE
2 0.15384615384615385
3 0.23076923076923078
5 0.34615384615384615
7 0.4230769230769231
11 0.5384615384615384
13 0.5384615384615384
17 0.6153846153846153
19 0.6538461538461539
23 0.6923076923076923
29 0.6923076923076923
31 0.7692307692307692
37 0.7692307692307692
41 0.7692307692307692
43 0.7692307692307692
47 0.8461538461538461
53 0.8461538461538461
59 0.8461538461538461
61 0.8461538461538461
67 0.8461538461538461
71 0.8461538461538461
73 0.8461538461538461
79 0.8461538461538461
83 0.8461538461538461
89 0.8461538461538461
97 1.0
101 1.0
103 1.0
107 1.0
109 1.0
113 1.0
127 1.0
131 1.0
137 1.0
139 1.0
149 1.0
151 1.0
157 1.0
163 1.0
167 1.0
173 1.0
179 1.0
181 1.0
191 1.0
193 1.0
197 1.0
199 1.0
211 1.0
223 1.0
227 1.0
229 1.0
233 1.0
239 1.0
241 1.0
251 1.0
257 1.0
263 1.0
269 1.0
271 1.0
277 1.0
281 1.0
283 1.0
293 1.0
