300
FACTORS
90 38
91 24
92 13
93 9
94 6
95 15
96 24
97 3
98 12
101 2
102 18
103 2
106 5
107 2
109 2
110 21
111 8
113 2
116 10
118 5
121 4
122 4
123 7
127 2
129 6
131 2
134 4
137 2
139 2
142 4
146 4
149 2
151 1
157 1
158 3
163 1
166 3
167 1
173 1
178 3
179 1
181 1
191 1
193 1
197 1
199 1
211 1
223 1
227 1
229 1
233 1
239 1
241 1
251 1
257 1
263 1
269 1
271 1
277 1
281 1
283 1
293 1
CERTIFICATE
2 0.15
3 0.25
5 0.35
7 0.425
11 0.5
13 0.575
17 0.6
19 0.65
23 0.7
29 0.7
31 0.75
37 0.75
41 0.75
43 0.75
47 0.85
53 0.85
59 0.85
61 0.85
67 0.85
71 0.85
73 0.85
79 0.85
83 0.85
89 0.85
97 1.0
101 1.0
103 1.0
107 1.0
109 1.0
113 1.0
127 1.0
131 1.0
137 1.0
139 1.0
149 1.0
151 1.0
157 1.0
163 1.0
167 1.0
173 1.0
179 1.0
181 1.0
191 1.0
193 1.0
197 1.0
199 1.0
211 1.0
223 1.0
227 1.0
229 1.0
233 1.0
239 1.0
241 1.0
251 1.0
257 1.0
263 1.0
269 1.0
271 1.0
277 1.0
281 1.0
283 1.0
293 1.0
