390 117
FACTORS
117 18
118 6
119 23
120 69
121 19
122 6
123 9
124 12
126 19
127 3
128 4
129 9
130 14
131 2
133 21
134 5
137 2
138 16
139 2
141 8
142 5
145 13
146 5
148 10
149 2
151 2
157 2
158 4
159 7
163 2
166 4
167 2
173 2
178 4
179 2
181 2
191 2
193 2
194 4
197 1
199 1
202 3
206 3
211 1
214 3
218 3
223 1
226 3
227 1
229 1
233 1
239 1
241 1
251 1
257 1
263 1
269 1
271 1
277 1
281 1
283 1
293 1
307 1
311 1
313 1
317 1
331 1
337 1
347 1
349 1
353 1
359 1
367 1
373 1
379 1
383 1
389 1
CERTIFICATE
2 0.14285714285714285
3 0.23809523809523805
5 0.3333333333333333
7 0.3809523809523811
11 0.5
13 0.523809523809524
17 0.6190476190476188
19 0.6190476190476188
23 0.6190476190476191
29 0.6666666666666667
31 0.7142857142857143
37 0.7142857142857143
41 0.761904761904762
43 0.761904761904762
47 0.761904761904762
53 0.761904761904762
59 0.8571428571428572
61 0.8571428571428572
67 0.8571428571428572
71 0.8571428571428572
73 0.8571428571428572
79 0.8571428571428572
83 0.8571428571428572
89 0.8571428571428572
97 0.8571428571428572
101 0.8571428571428572
103 0.8571428571428572
107 0.8571428571428572
109 0.8571428571428572
113 0.8571428571428572
127 1.0
131 1.0
137 1.0
139 1.0
149 1.0
151 1.0
157 1.0
163 1.0
167 1.0
173 1.0
179 1.0
181 1.0
191 1.0
193 1.0
197 1.0
199 1.0
211 1.0
223 1.0
227 1.0
229 1.0
233 1.0
239 1.0
241 1.0
251 1.0
257 1.0
263 1.0
269 1.0
271 1.0
277 1.0
281 1.0
283 1.0
293 1.0
307 1.0
311 1.0
313 1.0
317 1.0
331 1.0
337 1.0
347 1.0
349 1.0
353 1.0
359 1.0
367 1.0
373 1.0
379 1.0
383 1.0
389 1.0
