311 93
FACTORS
93 10
94 6
95 16
96 21
97 3
98 15
99 30
100 13
101 3
102 19
103 3
104 24
105 20
106 5
107 2
109 2
111 8
113 2
115 13
116 10
118 5
122 5
123 7
127 2
129 7
131 2
134 4
137 2
139 2
142 4
146 4
149 2
151 2
157 1
158 3
163 1
166 3
167 1
173 1
178 3
179 1
181 1
191 1
193 1
197 1
199 1
211 1
223 1
227 1
229 1
233 1
239 1
241 1
251 1
257 1
263 1
269 1
271 1
277 1
281 1
283 1
293 1
307 1
311 1
160 1
2 1
CERTIFICATE
2 0.153846153847
3 0.230769230770
5 0.346153846154
7 0.423076923077
11 0.538461538462
13 0.538461538462
17 0.615384615385
19 0.653846153847
23 0.653846153847
29 0.692307692308
31 0.769230769231
37 0.769230769231
41 0.769230769231
43 0.769230769231
47 0.846153846154
53 0.846153846154
59 0.846153846154
61 0.846153846154
67 0.846153846154
71 0.846153846154
73 0.846153846154
79 0.846153846154
83 0.846153846154
89 0.846153846154
97 1
101 1
103 1
107 1
109 1
113 1
127 1
131 1
137 1
139 1
149 1
151 1
157 1
163 1
167 1
173 1
179 1
181 1
191 1
193 1
197 1
199 1
211 1
223 1
227 1
229 1
233 1
239 1
241 1
251 1
257 1
263 1
269 1
271 1
277 1
281 1
283 1
293 1
307 1
311 1
