340 104
FACTORS
104 28
105 22
106 6
107 3
108 32
109 3
110 32
111 9
112 11
113 3
114 17
115 14
116 11
118 5
119 21
122 5
123 8
124 10
125 5
127 2
129 7
131 2
134 5
137 2
139 2
141 7
142 4
146 4
149 2
151 2
157 2
158 4
163 2
166 4
167 2
173 1
178 3
179 1
181 1
191 1
193 1
194 3
197 1
199 1
202 3
206 3
211 1
223 1
227 1
229 1
233 1
239 1
241 1
251 1
257 1
263 1
269 1
271 1
277 1
281 1
283 1
293 1
307 1
311 1
313 1
317 1
331 1
337 1
48 1
CERTIFICATE
2 0.142857142858
3 0.238095238096
5 0.333333333334
7 0.428571428572
11 0.523809523810
13 0.571428571429
17 0.571428571429
19 0.619047619048
23 0.666666666667
29 0.714285714286
31 0.714285714286
37 0.761904761905
41 0.761904761905
43 0.761904761905
47 0.761904761905
53 0.857142857143
59 0.857142857143
61 0.857142857143
67 0.857142857143
71 0.857142857143
73 0.857142857143
79 0.857142857143
83 0.857142857143
89 0.857142857143
97 0.857142857143
101 0.857142857143
103 0.857142857143
107 1
109 1
113 1
127 1
131 1
137 1
139 1
149 1
151 1
157 1
163 1
167 1
173 1
179 1
181 1
191 1
193 1
197 1
199 1
211 1
223 1
227 1
229 1
233 1
239 1
241 1
251 1
257 1
263 1
269 1
271 1
277 1
281 1
283 1
293 1
307 1
311 1
313 1
317 1
331 1
337 1
