398
FACTORS
120 46
121 19
122 6
123 9
124 12
125 1
126 44
127 3
129 9
130 32
131 3
133 21
134 5
136 21
137 2
138 17
139 2
141 8
142 5
145 13
146 5
148 10
149 2
151 2
153 2
157 2
158 5
159 7
163 2
166 4
167 2
173 2
177 6
178 4
179 2
181 2
191 2
193 2
194 4
197 2
199 2
202 3
206 3
211 1
214 3
218 3
223 1
226 3
227 1
229 1
233 1
239 1
241 1
251 1
257 1
263 1
269 1
271 1
277 1
281 1
283 1
293 1
307 1
311 1
313 1
317 1
331 1
337 1
347 1
349 1
353 1
359 1
367 1
373 1
379 1
383 1
389 1
397 1
170 1
165 1
10 1
CERTIFICATE
2 0.148148148149
3 0.222222222223
5 0.333333333334
7 0.407407407408
11 0.500000000000
13 0.518518518519
17 0.555555555556
19 0.592592592593
23 0.629629629630
29 0.666666666667
31 0.703703703704
37 0.703703703704
41 0.777777777778
43 0.777777777778
47 0.777777777778
53 0.777777777778
59 0.777777777778
61 0.851851851852
67 0.851851851852
71 0.851851851852
73 0.851851851852
79 0.851851851852
83 0.851851851852
89 0.851851851852
97 0.851851851852
101 0.851851851852
103 0.851851851852
107 0.851851851852
109 0.851851851852
113 0.851851851852
127 1
131 1
137 1
139 1
149 1
151 1
157 1
163 1
167 1
173 1
179 1
181 1
191 1
193 1
197 1
199 1
211 1
223 1
227 1
229 1
233 1
239 1
241 1
251 1
257 1
263 1
269 1
271 1
277 1
281 1
283 1
293 1
307 1
311 1
313 1
317 1
331 1
337 1
347 1
349 1
353 1
359 1
367 1
373 1
379 1
383 1
389 1
397 1
