354
FACTORS
108 20
109 3
110 34
111 9
112 37
113 3
114 18
115 15
116 12
117 29
118 6
119 21
122 5
123 8
124 11
125 12
127 2
128 2
129 8
131 2
134 5
137 2
139 2
141 7
142 4
146 4
149 2
151 2
157 2
158 4
159 6
163 2
166 4
167 2
173 2
178 3
179 1
181 1
191 1
193 1
194 3
197 1
199 1
202 3
206 3
211 1
214 3
223 1
227 1
229 1
233 1
239 1
241 1
251 1
257 1
263 1
269 1
271 1
277 1
281 1
283 1
293 1
307 1
311 1
313 1
317 1
331 1
337 1
347 1
349 1
353 1
120 1
CERTIFICATE
2 0.14285714285714285
3 0.23809523809523808
5 0.3333333333333333
7 0.4285714285714286
11 0.523809523809524
13 0.5238095238095238
17 0.5714285714285714
19 0.6190476190476191
23 0.6666666666666667
29 0.7142857142857143
31 0.7142857142857143
37 0.7619047619047619
41 0.7619047619047619
43 0.7619047619047619
47 0.7619047619047619
53 0.7619047619047619
59 0.8571428571428572
61 0.8571428571428572
67 0.8571428571428572
71 0.8571428571428572
73 0.8571428571428572
79 0.8571428571428572
83 0.8571428571428572
89 0.8571428571428572
97 0.8571428571428572
101 0.8571428571428572
103 0.8571428571428572
107 0.8571428571428572
109 1.0
113 1.0
127 1.0
131 1.0
137 1.0
139 1.0
149 1.0
151 1.0
157 1.0
163 1.0
167 1.0
173 1.0
179 1.0
181 1.0
191 1.0
193 1.0
197 1.0
199 1.0
211 1.0
223 1.0
227 1.0
229 1.0
233 1.0
239 1.0
241 1.0
251 1.0
257 1.0
263 1.0
269 1.0
271 1.0
277 1.0
281 1.0
283 1.0
293 1.0
307 1.0
311 1.0
313 1.0
317 1.0
331 1.0
337 1.0
347 1.0
349 1.0
353 1.0
