328
FACTORS
99 31
100 18
101 3
102 20
103 3
104 26
105 30
106 6
107 3
108 1
109 3
111 8
112 22
113 2
114 17
115 14
116 11
118 5
122 5
123 8
124 10
127 2
129 7
131 2
134 4
137 2
139 2
141 6
142 4
146 4
149 2
151 2
157 2
158 4
163 2
166 3
167 1
173 1
178 3
179 1
181 1
191 1
193 1
194 3
197 1
199 1
211 1
223 1
227 1
229 1
233 1
239 1
241 1
251 1
257 1
263 1
269 1
271 1
277 1
281 1
283 1
293 1
307 1
311 1
313 1
317 1
6 1
CERTIFICATE
2 0.147058823530
3 0.235294117648
5 0.352941176471
7 0.411764705883
11 0.529411764706
13 0.558823529412
17 0.617647058824
19 0.617647058824
23 0.647058823530
29 0.705882352942
31 0.705882352942
37 0.764705882353
41 0.764705882353
43 0.764705882353
47 0.764705882353
53 0.852941176471
59 0.852941176471
61 0.852941176471
67 0.852941176471
71 0.852941176471
73 0.852941176471
79 0.852941176471
83 0.852941176471
89 0.852941176471
97 0.852941176471
101 1
103 1
107 1
109 1
113 1
127 1
131 1
137 1
139 1
149 1
151 1
157 1
163 1
167 1
173 1
179 1
181 1
191 1
193 1
197 1
199 1
211 1
223 1
227 1
229 1
233 1
239 1
241 1
251 1
257 1
263 1
269 1
271 1
277 1
281 1
283 1
293 1
307 1
311 1
313 1
317 1
