323
FACTORS
98 26
99 31
100 32
101 3
102 20
103 3
104 25
106 6
107 3
108 10
109 2
111 8
113 2
114 17
115 14
116 11
118 5
122 5
123 7
124 10
127 2
128 2
129 7
131 2
134 4
137 2
139 2
141 6
142 4
146 4
149 2
151 2
157 2
158 4
163 1
166 3
167 1
173 1
178 3
179 1
181 1
191 1
193 1
194 3
197 1
199 1
211 1
223 1
227 1
229 1
233 1
239 1
241 1
251 1
257 1
263 1
269 1
271 1
277 1
281 1
283 1
293 1
307 1
311 1
313 1
317 1
CERTIFICATE
2 0.14285714285714285
3 0.23809523809523808
5 0.35714285714285715
7 0.4285714285714286
11 0.5238095238095238
13 0.5714285714285714
17 0.6190476190476191
19 0.6190476190476191
23 0.6428571428571428
29 0.7142857142857143
31 0.7142857142857143
37 0.7619047619047619
41 0.7619047619047619
43 0.7619047619047619
47 0.7619047619047619
53 0.8571428571428572
59 0.8571428571428572
61 0.8571428571428572
67 0.8571428571428572
71 0.8571428571428572
73 0.8571428571428572
79 0.8571428571428572
83 0.8571428571428572
89 0.8571428571428572
97 0.8571428571428572
101 1.0
103 1.0
107 1.0
109 1.0
113 1.0
127 1.0
131 1.0
137 1.0
139 1.0
149 1.0
151 1.0
157 1.0
163 1.0
167 1.0
173 1.0
179 1.0
181 1.0
191 1.0
193 1.0
197 1.0
199 1.0
211 1.0
223 1.0
227 1.0
229 1.0
233 1.0
239 1.0
241 1.0
251 1.0
257 1.0
263 1.0
269 1.0
271 1.0
277 1.0
281 1.0
283 1.0
293 1.0
307 1.0
311 1.0
313 1.0
317 1.0
