377
FACTORS
116 13
117 31
118 6
119 23
120 65
121 18
122 6
123 9
124 12
125 4
126 4
127 2
129 8
131 2
133 20
134 5
137 2
138 16
139 2
140 13
141 8
142 5
146 5
148 10
149 2
151 2
157 2
158 4
159 7
163 2
166 4
167 2
173 2
178 4
179 2
181 2
191 1
193 1
194 3
197 1
199 1
202 3
206 3
211 1
214 3
218 3
223 1
226 3
227 1
229 1
233 1
239 1
241 1
251 1
257 1
263 1
269 1
271 1
277 1
281 1
283 1
293 1
307 1
311 1
313 1
317 1
331 1
337 1
347 1
349 1
353 1
359 1
367 1
373 1
132 1
175 1
10 1
CERTIFICATE
2 0.142857142858
3 0.238095238096
5 0.333333333334
7 0.380952380953
11 0.500000000000
13 0.523809523810
17 0.619047619048
19 0.619047619048
23 0.619047619048
29 0.714285714286
31 0.714285714286
37 0.714285714286
41 0.761904761905
43 0.761904761905
47 0.761904761905
53 0.761904761905
59 0.857142857143
61 0.857142857143
67 0.857142857143
71 0.857142857143
73 0.857142857143
79 0.857142857143
83 0.857142857143
89 0.857142857143
97 0.857142857143
101 0.857142857143
103 0.857142857143
107 0.857142857143
109 0.857142857143
113 0.857142857143
127 1
131 1
137 1
139 1
149 1
151 1
157 1
163 1
167 1
173 1
179 1
181 1
191 1
193 1
197 1
199 1
211 1
223 1
227 1
229 1
233 1
239 1
241 1
251 1
257 1
263 1
269 1
271 1
277 1
281 1
283 1
293 1
307 1
311 1
313 1
317 1
331 1
337 1
347 1
349 1
353 1
359 1
367 1
373 1
