410
FACTORS
126 24
127 3
128 6
129 9
130 33
131 3
132 40
133 22
134 6
135 20
136 25
137 2
138 17
139 2
140 21
141 8
142 5
145 14
146 5
148 11
149 2
151 2
155 13
157 2
158 5
159 7
163 2
164 10
166 4
167 2
173 2
177 6
178 4
179 2
181 2
183 6
191 2
193 2
194 4
197 2
199 2
202 4
206 3
211 1
214 3
218 3
223 1
226 3
227 1
229 1
233 1
239 1
241 1
251 1
257 1
263 1
269 1
271 1
277 1
281 1
283 1
293 1
307 1
311 1
313 1
317 1
331 1
337 1
347 1
349 1
353 1
359 1
367 1
373 1
379 1
383 1
389 1
397 1
401 1
409 1
6 1
CERTIFICATE
2 0.142857142858
3 0.228571428572
5 0.314285714286
7 0.400000000001
11 0.485714285715
13 0.542857142858
17 0.571428571429
19 0.600000000000
23 0.628571428572
29 0.685714285715
31 0.685714285715
37 0.714285714286
41 0.714285714286
43 0.771428571429
47 0.771428571429
53 0.771428571429
59 0.771428571429
61 0.771428571429
67 0.857142857143
71 0.857142857143
73 0.857142857143
79 0.857142857143
83 0.857142857143
89 0.857142857143
97 0.857142857143
101 0.857142857143
103 0.857142857143
107 0.857142857143
109 0.857142857143
113 0.857142857143
127 1
131 1
137 1
139 1
149 1
151 1
157 1
163 1
167 1
173 1
179 1
181 1
191 1
193 1
197 1
199 1
211 1
223 1
227 1
229 1
233 1
239 1
241 1
251 1
257 1
263 1
269 1
271 1
277 1
281 1
283 1
293 1
307 1
311 1
313 1
317 1
331 1
337 1
347 1
349 1
353 1
359 1
367 1
373 1
379 1
383 1
389 1
397 1
401 1
409 1
