415 127
FACTORS
127 3
128 12
129 9
130 33
131 3
132 40
133 22
134 6
135 30
136 25
137 3
138 18
139 2
140 12
141 8
142 5
145 14
146 5
147 17
148 11
149 2
151 2
155 13
157 2
158 5
159 7
163 2
164 10
166 5
167 2
173 2
177 7
178 4
179 2
181 2
183 6
191 2
193 2
194 4
197 2
199 2
202 4
206 4
211 1
214 3
218 3
223 1
226 3
227 1
229 1
233 1
239 1
241 1
251 1
257 1
263 1
269 1
271 1
277 1
281 1
283 1
293 1
307 1
311 1
313 1
317 1
331 1
337 1
347 1
349 1
353 1
359 1
367 1
373 1
379 1
383 1
389 1
397 1
401 1
409 1
54 1
CERTIFICATE
2 0.142857142858
3 0.224489795919
5 0.326530612245
7 0.387755102041
11 0.489795918368
13 0.530612244898
17 0.571428571429
19 0.612244897960
23 0.632653061225
29 0.673469387756
31 0.673469387756
37 0.714285714286
41 0.714285714286
43 0.775510204082
47 0.775510204082
53 0.775510204082
59 0.775510204082
61 0.775510204082
67 0.857142857143
71 0.857142857143
73 0.857142857143
79 0.857142857143
83 0.857142857143
89 0.857142857143
97 0.857142857143
101 0.857142857143
103 0.857142857143
107 0.857142857143
109 0.857142857143
113 0.857142857143
127 1
131 1
137 1
139 1
149 1
151 1
157 1
163 1
167 1
173 1
179 1
181 1
191 1
193 1
197 1
199 1
211 1
223 1
227 1
229 1
233 1
239 1
241 1
251 1
257 1
263 1
269 1
271 1
277 1
281 1
283 1
293 1
307 1
311 1
313 1
317 1
331 1
337 1
347 1
349 1
353 1
359 1
367 1
373 1
379 1
383 1
389 1
397 1
401 1
409 1
