488
FACTORS
150 39
151 3
152 26
153 29
154 48
155 15
156 39
157 3
158 6
159 9
160 13
161 21
162 9
163 2
164 11
166 5
167 2
168 10
172 11
173 2
174 16
177 8
178 5
179 2
181 2
183 8
185 13
188 10
191 2
193 2
194 5
197 2
199 2
201 7
202 4
206 4
211 2
213 6
214 4
218 4
219 6
223 2
226 4
227 2
229 2
233 2
239 2
241 2
251 1
254 3
257 1
262 3
263 1
269 1
271 1
274 3
277 1
278 3
281 1
283 1
293 1
298 3
307 1
311 1
313 1
317 1
331 1
337 1
347 1
349 1
353 1
359 1
367 1
373 1
379 1
383 1
389 1
397 1
401 1
409 1
419 1
421 1
431 1
433 1
439 1
443 1
449 1
457 1
461 1
463 1
467 1
479 1
487 1
CERTIFICATE
2 0.13513513513513514
3 0.21621621621621623
5 0.32432432432432434
7 0.3783783783783783
11 0.4864864864864866
13 0.5135135135135135
17 0.5675675675675675
19 0.5945945945945945
23 0.6216216216216217
29 0.6486486486486487
31 0.6756756756756757
37 0.6756756756756757
41 0.7297297297297297
43 0.7297297297297297
47 0.7297297297297297
53 0.7837837837837838
59 0.7837837837837838
61 0.7837837837837838
67 0.7837837837837838
71 0.7837837837837838
73 0.7837837837837838
79 0.8648648648648649
83 0.8648648648648649
89 0.8648648648648649
97 0.8648648648648649
101 0.8648648648648649
103 0.8648648648648649
107 0.8648648648648649
109 0.8648648648648649
113 0.8648648648648649
127 0.8648648648648649
131 0.8648648648648649
137 0.8648648648648649
139 0.8648648648648649
149 0.8648648648648649
151 1.0
157 1.0
163 1.0
167 1.0
173 1.0
179 1.0
181 1.0
191 1.0
193 1.0
197 1.0
199 1.0
211 1.0
223 1.0
227 1.0
229 1.0
233 1.0
239 1.0
241 1.0
251 1.0
257 1.0
263 1.0
269 1.0
271 1.0
277 1.0
281 1.0
283 1.0
293 1.0
307 1.0
311 1.0
313 1.0
317 1.0
331 1.0
337 1.0
347 1.0
349 1.0
353 1.0
359 1.0
367 1.0
373 1.0
379 1.0
383 1.0
389 1.0
397 1.0
401 1.0
409 1.0
419 1.0
421 1.0
431 1.0
433 1.0
439 1.0
443 1.0
449 1.0
457 1.0
461 1.0
463 1.0
467 1.0
479 1.0
487 1.0
