435 133
FACTORS
133 23
134 6
135 35
136 26
137 3
138 18
139 3
140 42
141 9
142 6
143 35
144 30
145 15
146 5
148 11
149 2
151 2
154 6
155 14
157 2
158 5
159 8
163 2
164 10
165 1
166 5
167 2
172 10
173 2
177 7
178 4
179 2
181 2
183 7
191 2
193 2
194 4
197 2
199 2
202 4
206 4
211 2
214 4
218 3
223 1
226 3
227 1
229 1
233 1
239 1
241 1
251 1
254 3
257 1
262 3
263 1
269 1
271 1
277 1
281 1
283 1
293 1
307 1
311 1
313 1
317 1
331 1
337 1
347 1
349 1
353 1
359 1
367 1
373 1
379 1
383 1
389 1
397 1
401 1
409 1
419 1
421 1
431 1
433 1
4 1
CERTIFICATE
2 0.136363636364
3 0.227272727273
5 0.318181818182
7 0.409090909091
11 0.454545454546
13 0.545454545455
17 0.590909090910
19 0.590909090910
23 0.636363636364
29 0.681818181819
31 0.681818181819
37 0.727272727273
41 0.727272727273
43 0.727272727273
47 0.772727272728
53 0.772727272728
59 0.772727272728
61 0.772727272728
67 0.863636363637
71 0.863636363637
73 0.863636363637
79 0.863636363637
83 0.863636363637
89 0.863636363637
97 0.863636363637
101 0.863636363637
103 0.863636363637
107 0.863636363637
109 0.863636363637
113 0.863636363637
127 0.863636363637
131 0.863636363637
137 1
139 1
149 1
151 1
157 1
163 1
167 1
173 1
179 1
181 1
191 1
193 1
197 1
199 1
211 1
223 1
227 1
229 1
233 1
239 1
241 1
251 1
257 1
263 1
269 1
271 1
277 1
281 1
283 1
293 1
307 1
311 1
313 1
317 1
331 1
337 1
347 1
349 1
353 1
359 1
367 1
373 1
379 1
383 1
389 1
397 1
401 1
409 1
419 1
421 1
431 1
433 1
