461 141
FACTORS
141 9
142 6
143 37
144 49
145 15
146 6
147 24
148 12
149 3
150 36
151 3
152 25
153 16
154 7
155 14
157 2
158 5
159 8
161 20
163 2
164 11
166 5
167 2
170 12
172 10
173 2
177 7
178 5
179 2
181 2
183 7
191 2
193 2
194 4
197 2
199 2
201 6
202 4
206 4
211 2
214 4
218 4
223 2
226 4
227 2
229 2
233 1
239 1
241 1
251 1
254 3
257 1
262 3
263 1
269 1
271 1
274 3
277 1
278 3
281 1
283 1
293 1
307 1
311 1
313 1
317 1
331 1
337 1
347 1
349 1
353 1
359 1
367 1
373 1
379 1
383 1
389 1
397 1
401 1
409 1
419 1
421 1
431 1
433 1
439 1
443 1
449 1
457 1
461 1
CERTIFICATE
2 0.13636363636363635
3 0.22727272727272727
5 0.3181818181818182
7 0.38636363636363635
11 0.4772727272727273
13 0.5227272727272727
17 0.5454545454545454
19 0.5909090909090909
23 0.6136363636363636
29 0.6818181818181819
31 0.6818181818181819
37 0.7272727272727273
41 0.7272727272727273
43 0.7272727272727273
47 0.7727272727272727
53 0.7727272727272727
59 0.7727272727272727
61 0.7727272727272727
67 0.7727272727272727
71 0.8636363636363636
73 0.8636363636363636
79 0.8636363636363636
83 0.8636363636363636
89 0.8636363636363636
97 0.8636363636363636
101 0.8636363636363636
103 0.8636363636363636
107 0.8636363636363636
109 0.8636363636363636
113 0.8636363636363636
127 0.8636363636363636
131 0.8636363636363636
137 0.8636363636363636
139 0.8636363636363636
149 1.0
151 1.0
157 1.0
163 1.0
167 1.0
173 1.0
179 1.0
181 1.0
191 1.0
193 1.0
197 1.0
199 1.0
211 1.0
223 1.0
227 1.0
229 1.0
233 1.0
239 1.0
241 1.0
251 1.0
257 1.0
263 1.0
269 1.0
271 1.0
277 1.0
281 1.0
283 1.0
293 1.0
307 1.0
311 1.0
313 1.0
317 1.0
331 1.0
337 1.0
347 1.0
349 1.0
353 1.0
359 1.0
367 1.0
373 1.0
379 1.0
383 1.0
389 1.0
397 1.0
401 1.0
409 1.0
419 1.0
421 1.0
431 1.0
433 1.0
439 1.0
443 1.0
449 1.0
457 1.0
461 1.0
