446
FACTORS
135 40
136 27
137 3
138 19
139 3
140 40
141 9
142 6
143 36
144 15
145 15
146 6
147 13
148 12
149 2
151 2
152 24
154 7
155 14
157 2
158 5
159 8
163 2
164 10
166 5
167 2
172 10
173 2
177 7
178 5
179 2
181 2
183 7
191 2
193 2
194 4
197 2
199 2
201 6
202 4
206 4
211 2
214 4
218 4
223 2
226 3
227 1
229 1
233 1
239 1
241 1
251 1
254 3
257 1
262 3
263 1
269 1
271 1
277 1
281 1
283 1
293 1
307 1
311 1
313 1
317 1
331 1
337 1
347 1
349 1
353 1
359 1
367 1
373 1
379 1
383 1
389 1
397 1
401 1
409 1
419 1
421 1
431 1
433 1
439 1
443 1
CERTIFICATE
2 0.1388888888888889
3 0.2222222222222222
5 0.3333333333333333
7 0.3888888888888889
11 0.47222222222222227
13 0.5277777777777777
17 0.5833333333333333
19 0.5833333333333333
23 0.6388888888888888
29 0.6666666666666667
31 0.6666666666666667
37 0.7222222222222222
41 0.7222222222222222
43 0.7222222222222222
47 0.7777777777777778
53 0.7777777777777778
59 0.7777777777777778
61 0.7777777777777778
67 0.7777777777777778
71 0.8611111111111112
73 0.8611111111111112
79 0.8611111111111112
83 0.8611111111111112
89 0.8611111111111112
97 0.8611111111111112
101 0.8611111111111112
103 0.8611111111111112
107 0.8611111111111112
109 0.8611111111111112
113 0.8611111111111112
127 0.8611111111111112
131 0.8611111111111112
137 1.0
139 1.0
149 1.0
151 1.0
157 1.0
163 1.0
167 1.0
173 1.0
179 1.0
181 1.0
191 1.0
193 1.0
197 1.0
199 1.0
211 1.0
223 1.0
227 1.0
229 1.0
233 1.0
239 1.0
241 1.0
251 1.0
257 1.0
263 1.0
269 1.0
271 1.0
277 1.0
281 1.0
283 1.0
293 1.0
307 1.0
311 1.0
313 1.0
317 1.0
331 1.0
337 1.0
347 1.0
349 1.0
353 1.0
359 1.0
367 1.0
373 1.0
379 1.0
383 1.0
389 1.0
397 1.0
401 1.0
409 1.0
419 1.0
421 1.0
431 1.0
433 1.0
439 1.0
443 1.0
