464
FACTORS
143 37
144 38
145 16
146 6
147 24
148 12
149 3
150 37
151 3
152 25
153 28
154 8
155 14
157 2
158 5
159 8
160 9
161 20
163 2
164 11
166 5
167 2
172 10
173 2
177 7
178 5
179 2
181 2
183 7
188 9
191 2
193 2
194 4
197 2
199 2
201 6
202 4
206 4
211 2
213 6
214 4
218 4
223 2
226 4
227 2
229 2
233 1
239 1
241 1
251 1
254 3
257 1
262 3
263 1
269 1
271 1
274 3
277 1
278 3
281 1
283 1
293 1
307 1
311 1
313 1
317 1
331 1
337 1
347 1
349 1
353 1
359 1
367 1
373 1
379 1
383 1
389 1
397 1
401 1
409 1
419 1
421 1
431 1
433 1
439 1
443 1
449 1
457 1
461 1
463 1
12 1
CERTIFICATE
2 0.136363636364
3 0.227272727273
5 0.318181818182
7 0.386363636364
11 0.477272727273
13 0.522727272728
17 0.545454545455
19 0.590909090910
23 0.613636363637
29 0.681818181819
31 0.681818181819
37 0.727272727273
41 0.727272727273
43 0.727272727273
47 0.727272727273
53 0.772727272728
59 0.772727272728
61 0.772727272728
67 0.772727272728
71 0.772727272728
73 0.863636363637
79 0.863636363637
83 0.863636363637
89 0.863636363637
97 0.863636363637
101 0.863636363637
103 0.863636363637
107 0.863636363637
109 0.863636363637
113 0.863636363637
127 0.863636363637
131 0.863636363637
137 0.863636363637
139 0.863636363637
149 1
151 1
157 1
163 1
167 1
173 1
179 1
181 1
191 1
193 1
197 1
199 1
211 1
223 1
227 1
229 1
233 1
239 1
241 1
251 1
257 1
263 1
269 1
271 1
277 1
281 1
283 1
293 1
307 1
311 1
313 1
317 1
331 1
337 1
347 1
349 1
353 1
359 1
367 1
373 1
379 1
383 1
389 1
397 1
401 1
409 1
419 1
421 1
431 1
433 1
439 1
443 1
449 1
457 1
461 1
463 1
