499
FACTORS
153 30
154 42
155 16
156 40
157 3
158 6
159 9
160 44
161 21
162 5
163 3
164 12
165 7
166 6
167 2
171 27
172 11
173 2
174 17
175 19
177 8
178 5
179 2
181 2
183 8
185 13
188 10
191 2
193 2
194 5
197 2
199 2
201 7
202 4
206 4
211 2
213 7
214 4
218 4
219 6
223 2
226 4
227 2
229 2
233 2
239 2
241 2
251 1
254 3
257 1
262 3
263 1
269 1
271 1
274 3
277 1
278 3
281 1
283 1
293 1
298 3
302 3
307 1
311 1
313 1
317 1
331 1
337 1
347 1
349 1
353 1
359 1
367 1
373 1
379 1
383 1
389 1
397 1
401 1
409 1
419 1
421 1
431 1
433 1
439 1
443 1
449 1
457 1
461 1
463 1
467 1
479 1
487 1
491 1
499 1
180 1
225 1
CERTIFICATE
2 0.138461538462
3 0.215384615385
5 0.307692307693
7 0.384615384616
11 0.476923076924
13 0.507692307693
17 0.569230769231
19 0.569230769231
23 0.615384615385
29 0.646153846154
31 0.692307692308
37 0.692307692308
41 0.723076923077
43 0.723076923077
47 0.723076923077
53 0.784615384616
59 0.784615384616
61 0.784615384616
67 0.784615384616
71 0.784615384616
73 0.784615384616
79 0.861538461539
83 0.861538461539
89 0.861538461539
97 0.861538461539
101 0.861538461539
103 0.861538461539
107 0.861538461539
109 0.861538461539
113 0.861538461539
127 0.861538461539
131 0.861538461539
137 0.861538461539
139 0.861538461539
149 0.861538461539
151 0.861538461539
157 1
163 1
167 1
173 1
179 1
181 1
191 1
193 1
197 1
199 1
211 1
223 1
227 1
229 1
233 1
239 1
241 1
251 1
257 1
263 1
269 1
271 1
277 1
281 1
283 1
293 1
307 1
311 1
313 1
317 1
331 1
337 1
347 1
349 1
353 1
359 1
367 1
373 1
379 1
383 1
389 1
397 1
401 1
409 1
419 1
421 1
431 1
433 1
439 1
443 1
449 1
457 1
461 1
463 1
467 1
479 1
487 1
491 1
499 1
