432 132
FACTORS
132 42
133 23
134 6
135 34
136 26
137 3
138 18
139 3
140 44
141 9
142 6
144 9
145 14
146 5
147 1
148 11
149 2
151 2
155 13
157 2
158 5
159 8
163 2
164 10
166 5
167 2
169 17
172 10
173 2
177 7
178 4
179 2
181 2
183 7
191 2
193 2
194 4
197 2
199 2
202 4
206 4
211 2
214 4
218 3
223 1
226 3
227 1
229 1
233 1
239 1
241 1
251 1
254 3
257 1
262 3
263 1
269 1
271 1
277 1
281 1
283 1
293 1
307 1
311 1
313 1
317 1
331 1
337 1
347 1
349 1
353 1
359 1
367 1
373 1
379 1
383 1
389 1
397 1
401 1
409 1
419 1
421 1
431 1
156 1
210 1
CERTIFICATE
2 0.138888888889
3 0.222222222223
5 0.333333333334
7 0.388888888889
11 0.500000000000
13 0.500000000000
17 0.583333333334
19 0.611111111112
23 0.638888888889
29 0.666666666667
31 0.666666666667
37 0.722222222223
41 0.722222222223
43 0.722222222223
47 0.777777777778
53 0.777777777778
59 0.777777777778
61 0.777777777778
67 0.861111111112
71 0.861111111112
73 0.861111111112
79 0.861111111112
83 0.861111111112
89 0.861111111112
97 0.861111111112
101 0.861111111112
103 0.861111111112
107 0.861111111112
109 0.861111111112
113 0.861111111112
127 0.861111111112
131 0.861111111112
137 1
139 1
149 1
151 1
157 1
163 1
167 1
173 1
179 1
181 1
191 1
193 1
197 1
199 1
211 1
223 1
227 1
229 1
233 1
239 1
241 1
251 1
257 1
263 1
269 1
271 1
277 1
281 1
283 1
293 1
307 1
311 1
313 1
317 1
331 1
337 1
347 1
349 1
353 1
359 1
367 1
373 1
379 1
383 1
389 1
397 1
401 1
409 1
419 1
421 1
431 1
