458 140
FACTORS
140 56
141 9
142 6
143 37
144 43
145 15
146 6
148 12
149 3
150 10
151 3
152 10
153 27
155 14
157 2
158 5
159 8
161 19
163 2
164 11
165 7
166 5
167 2
171 15
172 10
173 2
177 7
178 5
179 2
181 2
183 7
191 2
193 2
194 4
197 2
199 2
201 6
202 4
206 4
211 2
214 4
218 4
223 2
226 4
227 2
229 2
233 1
239 1
241 1
251 1
254 3
257 1
262 3
263 1
269 1
271 1
274 3
277 1
278 3
281 1
283 1
293 1
307 1
311 1
313 1
317 1
331 1
337 1
347 1
349 1
353 1
359 1
367 1
373 1
379 1
383 1
389 1
397 1
401 1
409 1
419 1
421 1
431 1
433 1
439 1
443 1
449 1
457 1
CERTIFICATE
2 0.14285714285714285
3 0.2142857142857143
5 0.3214285714285714
7 0.3928571428571429
11 0.4642857142857143
13 0.5357142857142857
17 0.5714285714285714
19 0.5714285714285714
23 0.6071428571428571
29 0.6785714285714286
31 0.6785714285714286
37 0.7142857142857143
41 0.7142857142857143
43 0.7142857142857143
47 0.7857142857142857
53 0.7857142857142857
59 0.7857142857142857
61 0.7857142857142857
67 0.7857142857142857
71 0.8571428571428572
73 0.8571428571428572
79 0.8571428571428572
83 0.8571428571428572
89 0.8571428571428572
97 0.8571428571428572
101 0.8571428571428572
103 0.8571428571428572
107 0.8571428571428572
109 0.8571428571428572
113 0.8571428571428572
127 0.8571428571428572
131 0.8571428571428572
137 0.8571428571428572
139 0.8571428571428572
149 1.0
151 1.0
157 1.0
163 1.0
167 1.0
173 1.0
179 1.0
181 1.0
191 1.0
193 1.0
197 1.0
199 1.0
211 1.0
223 1.0
227 1.0
229 1.0
233 1.0
239 1.0
241 1.0
251 1.0
257 1.0
263 1.0
269 1.0
271 1.0
277 1.0
281 1.0
283 1.0
293 1.0
307 1.0
311 1.0
313 1.0
317 1.0
331 1.0
337 1.0
347 1.0
349 1.0
353 1.0
359 1.0
367 1.0
373 1.0
379 1.0
383 1.0
389 1.0
397 1.0
401 1.0
409 1.0
419 1.0
421 1.0
431 1.0
433 1.0
439 1.0
443 1.0
449 1.0
457 1.0
