487
FACTORS
150 39
151 3
152 26
153 29
154 48
155 15
156 39
157 3
158 6
159 9
160 12
161 21
162 9
163 2
164 11
166 5
167 2
168 10
172 11
173 2
174 16
177 8
178 5
179 2
181 2
183 7
185 13
188 10
191 2
193 2
194 5
197 2
199 2
201 7
202 4
206 4
211 2
213 6
214 4
218 4
219 6
223 2
226 4
227 2
229 2
233 2
239 2
241 2
251 1
254 3
257 1
262 3
263 1
269 1
271 1
274 3
277 1
278 3
281 1
283 1
293 1
298 3
307 1
311 1
313 1
317 1
331 1
337 1
347 1
349 1
353 1
359 1
367 1
373 1
379 1
383 1
389 1
397 1
401 1
409 1
419 1
421 1
431 1
433 1
439 1
443 1
449 1
457 1
461 1
463 1
467 1
479 1
487 1
60 1
CERTIFICATE
2 0.135135135136
3 0.216216216217
5 0.324324324325
7 0.378378378379
11 0.486486486487
13 0.513513513514
17 0.567567567568
19 0.594594594595
23 0.621621621622
29 0.648648648649
31 0.675675675676
37 0.675675675676
41 0.729729729730
43 0.729729729730
47 0.729729729730
53 0.783783783784
59 0.783783783784
61 0.783783783784
67 0.783783783784
71 0.783783783784
73 0.783783783784
79 0.864864864865
83 0.864864864865
89 0.864864864865
97 0.864864864865
101 0.864864864865
103 0.864864864865
107 0.864864864865
109 0.864864864865
113 0.864864864865
127 0.864864864865
131 0.864864864865
137 0.864864864865
139 0.864864864865
149 0.864864864865
151 1
157 1
163 1
167 1
173 1
179 1
181 1
191 1
193 1
197 1
199 1
211 1
223 1
227 1
229 1
233 1
239 1
241 1
251 1
257 1
263 1
269 1
271 1
277 1
281 1
283 1
293 1
307 1
311 1
313 1
317 1
331 1
337 1
347 1
349 1
353 1
359 1
367 1
373 1
379 1
383 1
389 1
397 1
401 1
409 1
419 1
421 1
431 1
433 1
439 1
443 1
449 1
457 1
461 1
463 1
467 1
479 1
487 1
