442 136
FACTORS
137 3
138 19
139 3
140 72
141 9
142 6
143 36
144 33
145 15
146 6
148 11
149 2
151 2
152 7
153 27
155 14
157 2
158 5
159 8
163 2
164 10
165 6
166 5
167 2
171 17
172 10
173 2
177 7
178 4
179 2
181 2
183 7
191 2
193 2
194 4
197 2
199 2
201 6
202 4
206 4
211 2
214 4
218 4
223 1
226 3
227 1
229 1
233 1
239 1
241 1
251 1
254 3
257 1
262 3
263 1
269 1
271 1
277 1
281 1
283 1
293 1
307 1
311 1
313 1
317 1
331 1
337 1
347 1
349 1
353 1
359 1
367 1
373 1
379 1
383 1
389 1
397 1
401 1
409 1
419 1
421 1
431 1
433 1
439 1
154 1
180 1
CERTIFICATE
2 0.142857142858
3 0.214285714286
5 0.321428571429
7 0.392857142858
11 0.464285714286
13 0.535714285715
17 0.571428571429
19 0.571428571429
23 0.642857142858
29 0.678571428572
31 0.678571428572
37 0.714285714286
41 0.714285714286
43 0.714285714286
47 0.785714285715
53 0.785714285715
59 0.785714285715
61 0.785714285715
67 0.785714285715
71 0.857142857143
73 0.857142857143
79 0.857142857143
83 0.857142857143
89 0.857142857143
97 0.857142857143
101 0.857142857143
103 0.857142857143
107 0.857142857143
109 0.857142857143
113 0.857142857143
127 0.857142857143
131 0.857142857143
137 1
139 1
149 1
151 1
157 1
163 1
167 1
173 1
179 1
181 1
191 1
193 1
197 1
199 1
211 1
223 1
227 1
229 1
233 1
239 1
241 1
251 1
257 1
263 1
269 1
271 1
277 1
281 1
283 1
293 1
307 1
311 1
313 1
317 1
331 1
337 1
347 1
349 1
353 1
359 1
367 1
373 1
379 1
383 1
389 1
397 1
401 1
409 1
419 1
421 1
431 1
433 1
439 1
