544
FACTORS
167 3
168 53
169 22
171 29
172 12
173 3
174 18
175 35
176 20
177 9
178 6
179 3
180 35
181 3
183 8
184 24
185 14
186 17
187 33
188 11
191 2
193 2
194 5
197 2
199 2
201 8
202 5
205 13
206 5
211 2
212 10
213 7
214 5
218 4
219 7
223 2
226 4
227 2
229 2
233 2
237 6
239 2
241 2
249 6
251 2
254 4
257 2
262 4
263 2
269 2
271 2
274 3
277 1
278 3
281 1
283 1
293 1
298 3
302 3
307 1
311 1
313 1
314 3
317 1
326 3
331 1
337 1
347 1
349 1
353 1
359 1
367 1
373 1
379 1
383 1
389 1
397 1
401 1
409 1
419 1
421 1
431 1
433 1
439 1
443 1
449 1
457 1
461 1
463 1
467 1
479 1
487 1
491 1
499 1
503 1
509 1
521 1
523 1
541 1
315 1
CERTIFICATE
2 0.137931034483
3 0.206896551725
5 0.310344827587
7 0.379310344828
11 0.448275862069
13 0.500000000000
17 0.551724137932
19 0.586206896552
23 0.586206896552
29 0.655172413794
31 0.655172413794
37 0.689655172414
41 0.689655172414
43 0.724137931035
47 0.724137931035
53 0.724137931035
59 0.793103448276
61 0.793103448276
67 0.793103448276
71 0.793103448276
73 0.793103448276
79 0.793103448276
83 0.793103448276
89 0.862068965518
97 0.862068965518
101 0.862068965518
103 0.862068965518
107 0.862068965518
109 0.862068965518
113 0.862068965518
127 0.862068965518
131 0.862068965518
137 0.862068965518
139 0.862068965518
149 0.862068965518
151 0.862068965518
157 0.862068965518
163 0.862068965518
167 1
173 1
179 1
181 1
191 1
193 1
197 1
199 1
211 1
223 1
227 1
229 1
233 1
239 1
241 1
251 1
257 1
263 1
269 1
271 1
277 1
281 1
283 1
293 1
307 1
311 1
313 1
317 1
331 1
337 1
347 1
349 1
353 1
359 1
367 1
373 1
379 1
383 1
389 1
397 1
401 1
409 1
419 1
421 1
431 1
433 1
439 1
443 1
449 1
457 1
461 1
463 1
467 1
479 1
487 1
491 1
499 1
503 1
509 1
521 1
523 1
541 1
