573 177
FACTORS
177 9
178 6
179 3
180 68
181 3
182 47
183 9
184 25
185 15
186 18
187 34
188 12
189 5
190 31
191 3
192 17
193 2
194 5
196 11
197 2
198 22
199 2
201 8
202 5
203 19
205 13
206 5
211 2
212 10
213 8
214 5
215 13
218 5
219 7
223 2
226 5
227 2
229 2
233 2
237 7
239 2
241 2
249 6
251 2
254 4
257 2
262 4
263 2
269 2
271 2
274 4
277 2
278 4
281 2
283 2
293 1
298 3
302 3
307 1
311 1
313 1
314 3
317 1
326 3
331 1
334 3
337 1
346 3
347 1
349 1
353 1
359 1
367 1
373 1
379 1
383 1
389 1
397 1
401 1
409 1
419 1
421 1
431 1
433 1
439 1
443 1
449 1
457 1
461 1
463 1
467 1
479 1
487 1
491 1
499 1
503 1
509 1
521 1
523 1
541 1
547 1
557 1
563 1
569 1
571 1
CERTIFICATE
2 0.13157894736842107
3 0.21052631578947367
5 0.3157894736842105
7 0.3684210526315789
11 0.44736842105263164
13 0.5
17 0.5526315789473684
19 0.5526315789473685
23 0.6052631578947367
29 0.631578947368421
31 0.6578947368421053
37 0.6842105263157895
41 0.6842105263157895
43 0.6842105263157895
47 0.7368421052631579
53 0.7368421052631579
59 0.7894736842105263
61 0.7894736842105263
67 0.7894736842105263
71 0.7894736842105263
73 0.7894736842105263
79 0.7894736842105263
83 0.7894736842105263
89 0.868421052631579
97 0.868421052631579
101 0.868421052631579
103 0.868421052631579
107 0.868421052631579
109 0.868421052631579
113 0.868421052631579
127 0.868421052631579
131 0.868421052631579
137 0.868421052631579
139 0.868421052631579
149 0.868421052631579
151 0.868421052631579
157 0.868421052631579
163 0.868421052631579
167 0.868421052631579
173 0.868421052631579
179 1.0
181 1.0
191 1.0
193 1.0
197 1.0
199 1.0
211 1.0
223 1.0
227 1.0
229 1.0
233 1.0
239 1.0
241 1.0
251 1.0
257 1.0
263 1.0
269 1.0
271 1.0
277 1.0
281 1.0
283 1.0
293 1.0
307 1.0
311 1.0
313 1.0
317 1.0
331 1.0
337 1.0
347 1.0
349 1.0
353 1.0
359 1.0
367 1.0
373 1.0
379 1.0
383 1.0
389 1.0
397 1.0
401 1.0
409 1.0
419 1.0
421 1.0
431 1.0
433 1.0
439 1.0
443 1.0
449 1.0
457 1.0
461 1.0
463 1.0
467 1.0
479 1.0
487 1.0
491 1.0
499 1.0
503 1.0
509 1.0
521 1.0
523 1.0
541 1.0
547 1.0
557 1.0
563 1.0
569 1.0
571 1.0
