531 165
FACTORS
165 52
166 6
167 3
168 80
169 21
170 32
171 22
172 12
173 3
174 18
175 5
177 9
178 5
179 2
180 4
181 2
183 8
184 24
185 14
186 17
188 11
190 6
191 2
193 2
194 5
197 2
199 2
201 7
202 5
205 12
206 5
211 2
212 10
213 7
214 4
218 4
219 7
223 2
226 4
227 2
229 2
233 2
237 6
239 2
241 2
251 2
254 4
257 2
262 4
263 2
269 1
271 1
274 3
277 1
278 3
281 1
283 1
293 1
298 3
302 3
307 1
311 1
313 1
314 3
317 1
326 3
331 1
337 1
347 1
349 1
353 1
359 1
367 1
373 1
379 1
383 1
389 1
397 1
401 1
409 1
419 1
421 1
431 1
433 1
439 1
443 1
449 1
457 1
461 1
463 1
467 1
479 1
487 1
491 1
499 1
503 1
509 1
521 1
523 1
182 1
40 1
CERTIFICATE
2 0.130434782609
3 0.217391304348
5 0.304347826087
7 0.391304347827
11 0.478260869566
13 0.500000000000
17 0.565217391305
19 0.565217391305
23 0.608695652174
29 0.652173913044
31 0.652173913044
37 0.695652173914
41 0.695652173914
43 0.739130434783
47 0.739130434783
53 0.739130434783
59 0.782608695653
61 0.782608695653
67 0.782608695653
71 0.782608695653
73 0.782608695653
79 0.782608695653
83 0.869565217392
89 0.869565217392
97 0.869565217392
101 0.869565217392
103 0.869565217392
107 0.869565217392
109 0.869565217392
113 0.869565217392
127 0.869565217392
131 0.869565217392
137 0.869565217392
139 0.869565217392
149 0.869565217392
151 0.869565217392
157 0.869565217392
163 0.869565217392
167 1
173 1
179 1
181 1
191 1
193 1
197 1
199 1
211 1
223 1
227 1
229 1
233 1
239 1
241 1
251 1
257 1
263 1
269 1
271 1
277 1
281 1
283 1
293 1
307 1
311 1
313 1
317 1
331 1
337 1
347 1
349 1
353 1
359 1
367 1
373 1
379 1
383 1
389 1
397 1
401 1
409 1
419 1
421 1
431 1
433 1
439 1
443 1
449 1
457 1
461 1
463 1
467 1
479 1
487 1
491 1
499 1
503 1
509 1
521 1
523 1
