517
FACTORS
158 6
159 9
160 26
161 22
162 2
163 3
164 12
165 51
166 6
167 3
168 60
169 21
170 31
171 28
172 12
173 2
174 17
175 2
177 8
178 5
179 2
181 2
183 8
185 13
186 16
188 11
191 2
193 2
194 5
197 2
199 2
201 7
202 5
206 5
211 2
213 7
214 4
218 4
219 7
223 2
226 4
227 2
229 2
233 2
239 2
241 2
251 2
254 4
257 2
262 3
263 1
269 1
271 1
274 3
277 1
278 3
281 1
283 1
293 1
298 3
302 3
307 1
311 1
313 1
314 3
317 1
331 1
337 1
347 1
349 1
353 1
359 1
367 1
373 1
379 1
383 1
389 1
397 1
401 1
409 1
419 1
421 1
431 1
433 1
439 1
443 1
449 1
457 1
461 1
463 1
467 1
479 1
487 1
491 1
499 1
503 1
509 1
180 1
5 1
CERTIFICATE
2 0.137254901961
3 0.215686274510
5 0.313725490197
7 0.372549019608
11 0.470588235295
13 0.500000000000
17 0.549019607844
19 0.568627450981
23 0.627450980393
29 0.647058823530
31 0.647058823530
37 0.686274509804
41 0.725490196079
43 0.725490196079
47 0.725490196079
53 0.784313725491
59 0.784313725491
61 0.784313725491
67 0.784313725491
71 0.784313725491
73 0.784313725491
79 0.862745098040
83 0.862745098040
89 0.862745098040
97 0.862745098040
101 0.862745098040
103 0.862745098040
107 0.862745098040
109 0.862745098040
113 0.862745098040
127 0.862745098040
131 0.862745098040
137 0.862745098040
139 0.862745098040
149 0.862745098040
151 0.862745098040
157 0.862745098040
163 1
167 1
173 1
179 1
181 1
191 1
193 1
197 1
199 1
211 1
223 1
227 1
229 1
233 1
239 1
241 1
251 1
257 1
263 1
269 1
271 1
277 1
281 1
283 1
293 1
307 1
311 1
313 1
317 1
331 1
337 1
347 1
349 1
353 1
359 1
367 1
373 1
379 1
383 1
389 1
397 1
401 1
409 1
419 1
421 1
431 1
433 1
439 1
443 1
449 1
457 1
461 1
463 1
467 1
479 1
487 1
491 1
499 1
503 1
509 1
