570
FACTORS
177 9
178 6
179 3
180 68
181 3
182 46
183 9
184 25
185 15
186 18
187 34
188 12
189 5
190 31
191 2
192 16
193 2
194 5
196 11
197 2
198 21
199 2
201 8
202 5
203 19
205 13
206 5
211 2
212 10
213 8
214 5
215 13
218 5
219 7
223 2
226 5
227 2
229 2
233 2
237 7
239 2
241 2
249 6
251 2
254 4
257 2
262 4
263 2
269 2
271 2
274 4
277 2
278 4
281 2
283 2
293 1
298 3
302 3
307 1
311 1
313 1
314 3
317 1
326 3
331 1
334 3
337 1
346 3
347 1
349 1
353 1
359 1
367 1
373 1
379 1
383 1
389 1
397 1
401 1
409 1
419 1
421 1
431 1
433 1
439 1
443 1
449 1
457 1
461 1
463 1
467 1
479 1
487 1
491 1
499 1
503 1
509 1
521 1
523 1
541 1
547 1
557 1
563 1
569 1
224 1
18 1
CERTIFICATE
2 0.131578947369
3 0.210526315790
5 0.315789473685
7 0.368421052632
11 0.447368421053
13 0.500000000000
17 0.552631578948
19 0.552631578948
23 0.605263157895
29 0.631578947369
31 0.657894736843
37 0.684210526316
41 0.684210526316
43 0.684210526316
47 0.736842105264
53 0.736842105264
59 0.789473684211
61 0.789473684211
67 0.789473684211
71 0.789473684211
73 0.789473684211
79 0.789473684211
83 0.789473684211
89 0.868421052632
97 0.868421052632
101 0.868421052632
103 0.868421052632
107 0.868421052632
109 0.868421052632
113 0.868421052632
127 0.868421052632
131 0.868421052632
137 0.868421052632
139 0.868421052632
149 0.868421052632
151 0.868421052632
157 0.868421052632
163 0.868421052632
167 0.868421052632
173 0.868421052632
179 1
181 1
191 1
193 1
197 1
199 1
211 1
223 1
227 1
229 1
233 1
239 1
241 1
251 1
257 1
263 1
269 1
271 1
277 1
281 1
283 1
293 1
307 1
311 1
313 1
317 1
331 1
337 1
347 1
349 1
353 1
359 1
367 1
373 1
379 1
383 1
389 1
397 1
401 1
409 1
419 1
421 1
431 1
433 1
439 1
443 1
449 1
457 1
461 1
463 1
467 1
479 1
487 1
491 1
499 1
503 1
509 1
521 1
523 1
541 1
547 1
557 1
563 1
569 1
