589
FACTORS
181 3
182 34
183 9
184 26
185 15
186 19
187 36
188 12
189 43
190 32
191 3
192 30
193 3
194 6
195 14
197 2
198 21
199 2
200 28
201 8
202 5
203 20
205 14
206 5
211 2
212 11
213 8
214 5
215 13
218 5
219 8
223 2
226 5
227 2
229 2
233 2
236 9
237 7
239 2
241 2
249 7
251 2
254 4
257 2
262 4
263 2
267 6
269 2
271 2
274 4
277 2
278 4
281 2
283 2
293 2
298 3
302 3
307 1
311 1
313 1
314 3
317 1
326 3
331 1
334 3
337 1
346 3
347 1
349 1
353 1
358 3
359 1
367 1
373 1
379 1
383 1
389 1
397 1
401 1
409 1
419 1
421 1
431 1
433 1
439 1
443 1
449 1
457 1
461 1
463 1
467 1
479 1
487 1
491 1
499 1
503 1
509 1
521 1
523 1
541 1
547 1
557 1
563 1
569 1
571 1
577 1
587 1
216 1
6 1
CERTIFICATE
2 0.132075471699
3 0.207547169812
5 0.301886792453
7 0.377358490567
11 0.452830188680
13 0.490566037736
17 0.547169811321
19 0.566037735850
23 0.603773584906
29 0.622641509434
31 0.660377358491
37 0.698113207548
41 0.698113207548
43 0.698113207548
47 0.735849056604
53 0.735849056604
59 0.735849056604
61 0.792452830189
67 0.792452830189
71 0.792452830189
73 0.792452830189
79 0.792452830189
83 0.792452830189
89 0.792452830189
97 0.867924528302
101 0.867924528302
103 0.867924528302
107 0.867924528302
109 0.867924528302
113 0.867924528302
127 0.867924528302
131 0.867924528302
137 0.867924528302
139 0.867924528302
149 0.867924528302
151 0.867924528302
157 0.867924528302
163 0.867924528302
167 0.867924528302
173 0.867924528302
179 0.867924528302
181 1
191 1
193 1
197 1
199 1
211 1
223 1
227 1
229 1
233 1
239 1
241 1
251 1
257 1
263 1
269 1
271 1
277 1
281 1
283 1
293 1
307 1
311 1
313 1
317 1
331 1
337 1
347 1
349 1
353 1
359 1
367 1
373 1
379 1
383 1
389 1
397 1
401 1
409 1
419 1
421 1
431 1
433 1
439 1
443 1
449 1
457 1
461 1
463 1
467 1
479 1
487 1
491 1
499 1
503 1
509 1
521 1
523 1
541 1
547 1
557 1
563 1
569 1
571 1
577 1
587 1
