80 23
81 23
82 23
83 23
84 24
85 24
86 24
87 25
88 25
89 25
90 26
91 26
92 26
93 27
94 28
95 28
96 28
97 28
98 28
99 28
100 29
101 29
102 29
103 29
104 30
105 30
106 30
107 30
108 31
109 31
110 31
111 32
112 32
113 32
114 33
115 33
116 34
117 34
118 35
119 35
120 35
121 35
122 35
123 35
124 35
125 37
126 37
127 37
128 38
129 38
130 39
131 39
132 39
133 39
134 39
135 40
136 40
137 40
138 40
139 40
140 40
141 40
142 41
143 41
144 42
145 42
146 42
147 42
148 43
149 43
150 43
151 43
152 44
153 44
154 45
155 45
156 45
157 45
158 45
159 46
160 47
161 47
162 47
163 47
164 48
165 48
166 48
167 48
168 50
169 50
170 50
171 50
172 50
173 50
174 50
175 50
176 51
177 51
178 51
179 51
180 51
181 51
182 51
183 54
184 54
185 54
186 54
187 55
188 55
189 55
190 56
191 56
192 56
193 56
194 56
195 56
196 56
197 56
198 56
199 56
200 56
201 57
202 57
203 58
204 58
205 58
206 58
207 58
208 59
209 61
210 61
211 61
212 61
213 62
214 62
215 63
216 65
217 65
218 65
219 66
220 66
221 66
222 66
223 66
224 66
225 66
226 66
227 66
228 67
229 67
230 68
231 68
232 68
233 68
234 68
235 70
236 70
237 70
238 70
239 70
240 70
241 70
242 71
243 72
244 72
245 72
246 72
247 72
248 72
249 72
250 73
251 73
252 73
253 74
254 74
255 74
256 74
257 74
258 77
259 77
260 77
261 77
262 77
263 77
264 77
265 79
266 79
267 80
268 80
269 80
270 80
271 80
272 80
273 82
274 82
275 83
276 83
277 83
278 84
279 84
280 84
281 84
282 84
283 84
284 84
285 85
286 85
287 85
288 86
289 86
290 86
291 87
292 88
293 88
294 88
295 88
296 88
297 88
298 88
299 88
300 88
301 88
302 88
303 89
304 89
305 91
306 91
307 91
308 91
309 91
310 91
311 91
312 92
313 92
314 93
315 93
316 93
317 93
318 93
319 93
320 93
321 94
322 95
323 98
324 98
325 98
326 98
327 99
328 99
329 99
330 99
331 99
332 99
333 99
334 99
335 101
336 101
337 101
338 101
339 101
340 103
341 104
342 104
343 104
344 104
345 104
346 104
347 104
348 105
349 105
350 105
351 105
352 105
353 105
354 105
355 105
356 105
357 105
358 106
359 106
360 106
361 107
362 107
363 109
364 110
365 110
366 110
367 110
368 111
369 111
370 111
371 111
372 111
373 111
374 113
375 113
376 115
377 115
378 115
379 115
380 116
381 116
382 116
383 116
384 117
385 117
386 117
387 117
388 117
389 117
390 117
391 117
392 118
393 119
394 120
395 120
396 120
397 120
398 120
399 120
400 120
401 120
402 122
403 123
404 123
405 123
406 123
407 124
408 124
409 124
410 124
411 125
412 125
413 125
414 125
415 125
416 125
417 125
418 125
419 125
420 125
421 125
422 125
423 126
424 126
425 126
426 126
427 126
428 126
429 127
430 127
431 127
432 127
433 127
434 129
435 129
436 129
437 129
438 133
439 133
440 133
441 133
442 133
443 133
444 133
445 133
446 133
447 133
448 133
449 133
450 133
451 133
452 134
453 134
454 135
455 135
456 135
457 135
458 135
459 135
460 135
461 135
462 140
463 140
464 140
465 142
466 142
467 142
468 142
469 142
470 142
471 143
472 143
473 143
474 144
475 144
476 144
477 144
478 144
479 144
480 145
481 146
482 146
483 146
484 148
485 148
486 148
487 148
488 148
489 149
490 149
491 149
492 150
493 150
494 150
495 150
496 150
497 150
498 150
499 150
500 150
501 150
502 150
503 150
504 150
505 150
506 151
507 152
508 152
509 152
510 152
511 152
512 152
513 152
514 152
515 155
516 155
517 155
518 155
519 155
520 159
521 159
522 159
523 159
524 160
525 160
526 160
527 160
528 160
529 160
530 163
531 163
532 164
533 164
534 165
535 165
536 165
537 165
538 165
539 165
540 165
541 165
542 166
543 166
544 167
545 167
546 168
547 168
548 168
549 168
550 168
551 169
552 169
553 169
554 169
555 170
556 170
557 170
558 170
559 171
560 171
561 171
562 171
563 171
564 171
565 171
566 171
567 171
568 172
569 172
570 172
571 172
572 172
573 173
574 174
575 174
576 174
577 174
578 174
579 174
580 177
581 177
582 178
583 178
584 178
585 179
586 179
587 179
588 180
589 180
590 181
591 181
592 182
593 182
594 182
595 182
596 182
597 182
598 182
599 182
