20 6
21 6
22 6
23 6
24 7
25 7
26 7
27 8
28 8
29 8
30 8
31 8
32 9
33 9
34 10
35 10
36 10
37 10
38 11
39 11
40 12
41 12
42 12
43 12
44 12
45 12
46 13
47 13
48 13
49 14
50 14
51 15
52 15
53 15
54 15
55 15
56 15
57 16
58 17
59 17
60 17
61 17
62 18
63 18
64 18
65 19
66 19
67 19
68 20
69 20
70 20
71 20
72 21
73 21
74 21
75 21
76 21
77 22
78 22
79 22
80 23
81 23
82 23
83 23
84 24
85 24
86 24
87 25
88 25
89 25
90 26
91 26
92 26
93 27
94 28
95 28
96 28
97 28
98 28
99 28
100 29
101 29
102 29
103 29
104 30
105 30
106 30
107 30
108 31
109 31
110 31
111 32
112 32
113 32
114 33
115 34
116 34
117 34
118 35
119 35
120 35
121 35
122 35
123 35
124 35
125 37
126 37
127 37
128 38
129 38
130 39
131 39
132 39
133 39
134 39
135 40
136 40
137 40
138 40
139 40
140 41
141 41
142 41
143 42
144 42
145 43
146 43
147 44
148 44
149 44
150 44
151 44
152 44
153 45
154 45
155
156 46
157 46
158 46
159 47
160 47
161 48
162 48
163 48
164 48
165 48
166 48
167 48
168 50
169 50
170 50
171 50
172 51
173 51
174 51
175 51
176 53
177 53
178 53
179 53
180 54
181 54
182 54
183 54
184 54
185 54
186 54
187 56
188 56
189 56
190 56
191 56
192 57
193 57
194 57
195 58
196 58
197 58
198 58
199 58
200 59
